[0m            [48;2;78;135;53m▀[38;2;15;15;15m▀▀▀▀▀▀▀▀▀[38;2;235;235;235m▀[48;2;235;235;235m██[48;2;78;135;53m▀[38;2;78;135;53m█[38;2;15;15;15m▀▀▀▀▀[39m▀▀▀[0m         [0m
[0m          [48;2;110;18;22m▀[38;2;125;188;81m[48;2;15;15;15m▀[38;2;15;15;15m[48;2;125;188;81m▀[38;2;125;188;81m█████████[38;2;15;15;15m▀[38;2;125;188;81m[48;2;78;135;53m▀[38;2;235;235;235m[48;2;15;15;15m▀[38;2;15;15;15m[48;2;125;188;81m▀[38;2;78;135;53m▀[38;2;125;188;81m█████[38;2;15;15;15m▀▀▀[38;2;125;188;81m[48;2;15;15;15m▀[39m[48;2;78;135;53m▀[0m       [0m
[0m         [38;2;78;135;53m[48;2;15;15;15m▀[48;2;78;135;53m█[48;2;125;188;81m▀[38;2;125;188;81m█[48;2;78;135;53m▀[38;2;78;135;53m█[48;2;15;15;15m[38;2;15;15;15m████████[48;2;78;135;53m[38;2;78;135;53m█[48;2;125;188;81m▀[38;2;125;188;81m█[48;2;78;135;53m▀▀[48;2;15;15;15m[38;2;15;15;15m████████[48;2;78;135;53m[38;2;78;135;53m█[0m       [0m
[0m       [48;2;125;188;81m▀[48;2;15;15;15m▀[38;2;15;15;15m[48;2;78;135;53m▀[38;2;78;135;53m[48;2;125;188;81m▀[38;2;125;188;81m██[38;2;15;15;15m[48;2;78;135;53m▀▀[48;2;125;188;81m[38;2;125;188;81m█████[48;2;78;135;53m▀[48;2;15;15;15m▀▀[48;2;78;135;53m[38;2;78;135;53m█[38;2;15;15;15m▀[38;2;125;188;81m[48;2;15;15;15m▀[38;2;15;15;15m[48;2;78;135;53m▀[48;2;125;188;81m▀[38;2;125;188;81m████[48;2;15;15;15m▀▀▀▀[38;2;78;135;53m▀[38;2;15;15;15m█[48;2;78;135;53m▀[38;2;78;135;53m█[39m[48;2;15;15;15m▀[0m   [0m
[0m      [38;2;125;188;81m[48;2;15;15;15m▀[38;2;15;15;15m██[48;2;125;188;81m[38;2;125;188;81m████████[48;2;78;135;53m[38;2;78;135;53m█[48;2;15;15;15m▀▀[48;2;78;135;53m█[38;2;15;15;15m[48;2;125;188;81m▀▀[48;2;78;135;53m[38;2;78;135;53m█[48;2;15;15;15m▀[38;2;15;15;15m[48;2;125;188;81m▀[38;2;78;135;53m▀[38;2;125;188;81m██[38;2;78;135;53m[48;2;15;15;15m▀▀▀[48;2;78;135;53m█[38;2;15;15;15m[48;2;125;188;81m▀▀▀▀▀[38;2;78;135;53m[48;2;15;15;15m▀▀[38;2;15;15;15m[48;2;125;188;81m▀[38;2;125;188;81m[48;2;15;15;15m▀[39m[48;2;78;135;53m▀[0m [0m
[0m   [48;2;125;188;81m▀[48;2;78;135;53m[38;2;78;135;53m█[38;2;15;15;15m▀[48;2;125;188;81m[38;2;125;188;81m███████[48;2;78;135;53m▀[38;2;78;135;53m█[38;2;15;15;15m▀[48;2;15;15;15m█[38;2;78;135;53m▀[38;2;125;188;81m[48;2;78;135;53m▀▀[38;2;78;135;53m█[38;2;15;15;15m[48;2;125;188;81m▀[48;2;15;15;15m████[48;2;78;135;53m▀[48;2;125;188;81m▀[48;2;78;135;53m▀[38;2;78;135;53m██[38;2;15;15;15m[48;2;125;188;81m▀▀▀▀[48;2;15;15;15m██[48;2;125;188;81m▀[48;2;15;15;15m██[48;2;125;188;81m▀▀[38;2;125;188;81m█[39m▀[0m
[0m   [48;2;15;15;15m[38;2;15;15;15m█[48;2;78;135;53m[38;2;78;135;53m█[48;2;125;188;81m[38;2;125;188;81m████████[38;2;15;15;15m▀[48;2;78;135;53m▀[38;2;125;188;81m[48;2;15;15;15m▀[38;2;15;15;15m[48;2;235;235;235m▀▀▀▀[48;2;125;188;81m[38;2;125;188;81m█[38;2;235;235;235m[48;2;15;15;15m▀[38;2;15;15;15m[48;2;235;235;235m▀[48;2;125;188;81m▀[48;2;15;15;15m██[38;2;125;188;81m▀[38;2;235;235;235m▀[48;2;235;235;235m█[48;2;78;135;53m[38;2;78;135;53m█[48;2;15;15;15m[38;2;15;15;15m█[48;2;235;235;235m[38;2;235;235;235m███[48;2;15;15;15m▀[38;2;15;15;15m[48;2;235;235;235m▀[38;2;78;135;53m▀[38;2;235;235;235m[48;2;15;15;15m▀[38;2;15;15;15m█[48;2;78;135;53m[38;2;78;135;53m█[48;2;235;235;235m[38;2;235;235;235m█[48;2;15;15;15m▀[38;2;125;188;81m[48;2;78;135;53m▀[38;2;15;15;15m[49m▀[0m
[0m [48;2;78;135;53m▀[38;2;78;135;53m[48;2;15;15;15m▀[48;2;125;188;81m▀▀[38;2;125;188;81m█████████[48;2;78;135;53m[38;2;78;135;53m█[48;2;15;15;15m[38;2;15;15;15m█[38;2;78;135;53m▀▀▀[48;2;235;235;235m[38;2;235;235;235m█[48;2;125;188;81m[38;2;125;188;81m█[48;2;15;15;15m[38;2;15;15;15m█[38;2;78;135;53m▀[38;2;15;15;15m██[38;2;125;188;81m[48;2;235;235;235m▀[48;2;78;135;53m[38;2;78;135;53m█[48;2;15;15;15m[38;2;15;15;15m█[38;2;78;135;53m▀[48;2;78;135;53m█[48;2;125;188;81m▀[48;2;15;15;15m▀▀▀[38;2;15;15;15m█[38;2;78;135;53m▀▀[38;2;15;15;15m███[38;2;78;135;53m▀[38;2;125;188;81m[49m▀[0m  [0m
[48;2;15;15;15m[38;2;15;15;15m██[48;2;78;135;53m▀[48;2;125;188;81m[38;2;125;188;81m██████████████[38;2;78;135;53m▀[38;2;15;15;15m[48;2;78;135;53m▀▀▀▀▀[48;2;15;15;15m███[48;2;78;135;53m▀▀[48;2;125;188;81m[38;2;125;188;81m█[48;2;78;135;53m▀[48;2;15;15;15m▀▀[48;2;125;188;81m██[48;2;15;15;15m▀▀▀▀[38;2;15;15;15m[48;2;125;188;81m▀[38;2;78;135;53m[49m▀[0m    [0m
[48;2;15;15;15m[38;2;15;15;15m█[48;2;78;135;53m[38;2;78;135;53m█[48;2;125;188;81m[38;2;125;188;81m██████████████████[48;2;78;135;53m▀[38;2;78;135;53m[48;2;15;15;15m▀▀[48;2;78;135;53m█[38;2;15;15;15m[48;2;125;188;81m▀▀[38;2;78;135;53m▀[38;2;125;188;81m██[38;2;78;135;53m▀[38;2;15;15;15m▀▀[38;2;78;135;53m[48;2;15;15;15m▀▀[38;2;15;15;15m[48;2;125;188;81m▀▀▀▀[38;2;125;188;81m[48;2;15;15;15m▀[39m[48;2;78;135;53m▀[0m    [0m
[48;2;15;15;15m[38;2;15;15;15m█[48;2;78;135;53m[38;2;78;135;53m█[48;2;125;188;81m[38;2;125;188;81m███████████[48;2;78;135;53m▀▀▀▀▀▀▀▀▀▀▀▀[48;2;125;188;81m███████[38;2;78;135;53m▀▀[38;2;125;188;81m███[48;2;78;135;53m▀▀[38;2;78;135;53m[48;2;15;15;15m▀[38;2;15;15;15m█[0m   [0m
[48;2;15;15;15m[38;2;15;15;15m█[48;2;78;135;53m[38;2;78;135;53m█[48;2;125;188;81m[38;2;125;188;81m█████████[48;2;78;135;53m▀[48;2;15;15;15m▀[38;2;15;15;15m[48;2;110;18;22m▀[48;2;178;38;42m▀▀▀▀▀▀▀▀▀▀▀[38;2;125;188;81m[48;2;15;15;15m▀▀▀▀▀▀▀▀▀▀▀[38;2;78;135;53m▀[38;2;15;15;15m[48;2;178;38;42m▀▀[48;2;110;18;22m▀[48;2;15;15;15m█[39m▀[48;2;125;188;81m▀[0m [0m
[48;2;15;15;15m[38;2;15;15;15m█[48;2;78;135;53m[38;2;78;135;53m█[48;2;125;188;81m[38;2;125;188;81m█████████[48;2;78;135;53m[38;2;78;135;53m█[48;2;15;15;15m[38;2;15;15;15m█[48;2;110;18;22m[38;2;110;18;22m█[38;2;178;38;42m▀[38;2;110;18;22m[48;2;15;15;15m▀▀▀▀▀▀▀▀▀▀[48;2;178;38;42m▀▀▀▀▀▀▀▀▀▀▀▀[38;2;178;38;42m███[38;2;110;18;22m▀[48;2;15;15;15m[38;2;15;15;15m█[38;2;78;135;53m[48;2;125;188;81m▀[0m [0m
[48;2;15;15;15m[38;2;15;15;15m█[48;2;78;135;53m[38;2;78;135;53m█[48;2;125;188;81m[38;2;125;188;81m█████████[38;2;78;135;53m▀[38;2;15;15;15m[48;2;78;135;53m▀[48;2;110;18;22m[38;2;110;18;22m█[38;2;178;38;42m▀[48;2;15;15;15m▀▀▀▀▀▀▀▀▀[48;2;110;18;22m▀[38;2;15;15;15m▀▀▀▀▀▀▀▀▀▀▀▀▀▀▀[48;2;15;15;15m█[0m   [0m
[48;2;15;15;15m[38;2;15;15;15m█[38;2;78;135;53m▀[38;2;125;188;81m▀[48;2;125;188;81m██████████[38;2;15;15;15m▀▀▀▀▀▀▀▀▀▀▀▀[38;2;110;18;22m[48;2;15;15;15m▀[38;2;178;38;42m▀[38;2;110;18;22m▀[38;2;178;38;42m▀[38;2;110;18;22m▀▀[38;2;178;38;42m▀[38;2;110;18;22m▀[38;2;178;38;42m▀▀[38;2;110;18;22m▀▀▀[38;2;178;38;42m▀[38;2;110;18;22m[48;2;78;135;53m▀[38;2;15;15;15m[49m▀[0m   [0m
[0m [38;2;78;135;53m[48;2;125;188;81m▀[38;2;15;15;15m[48;2;78;135;53m▀▀[38;2;78;135;53m█[38;2;125;188;81m▀▀[48;2;125;188;81m██████████████████[38;2;78;135;53m▀▀▀▀▀▀▀[48;2;78;135;53m███[38;2;15;15;15m▀▀▀[38;2;125;188;81m[49m▀[0m     [0m
[0m    [38;2;78;135;53m▀[38;2;15;15;15m▀▀[48;2;78;135;53m[38;2;78;135;53m█[38;2;125;188;81m[48;2;15;15;15m▀▀▀▀[48;2;125;188;81m████████████████[48;2;15;15;15m▀▀▀▀[38;2;15;15;15m[48;2;125;188;81m▀[49m▀▀[0m         [0m
[0m       [38;2;125;188;81m▀[38;2;78;135;53m▀▀▀▀[48;2;15;15;15m▀▀▀▀▀▀▀▀▀▀▀▀▀▀▀▀[49m▀▀▀▀[0m            [0m
